352820	하이브	2023.03.30	188700	1400	189900	192000	187000	111843
352820	하이브	2023.03.29	190100	2800	186000	191300	186000	169791
352820	하이브	2023.03.28	187300	5200	181400	187800	178900	195777
352820	하이브	2023.03.27	182100	5400	186400	188600	177900	237102
352820	하이브	2023.03.24	187500	900	187000	190600	184800	159391
352820	하이브	2023.03.23	188400	1900	190000	191000	185400	180348
352820	하이브	2023.03.22	190300	700	189200	191200	188100	126708
352820	하이브	2023.03.21	189600	5600	186500	191300	186100	287767
352820	하이브	2023.03.20	184000	4600	179300	188000	179300	231416
352820	하이브	2023.03.17	179400	2900	176600	183100	176500	201551
352820	하이브	2023.03.16	176500	3000	172000	178000	171000	236020
352820	하이브	2023.03.15	173500	200	176400	176400	170300	244634
352820	하이브	2023.03.14	173700	15900	187700	189300	173000	431611
352820	하이브	2023.03.13	189600	5900	185600	196600	182600	849993
352820	하이브	2023.03.10	183700	7200	174100	189800	173900	505221
352820	하이브	2023.03.09	176500	700	177800	179500	174800	216070
352820	하이브	2023.03.08	177200	11300	188500	189900	175400	475591
352820	하이브	2023.03.07	188500	3300	186900	191000	184000	308012
352820	하이브	2023.03.06	191800	4400	194200	195900	189400	354913
352820	하이브	2023.03.03	187400	400	185200	188900	185200	124515
010950	S-Oil	2023.03.30	80100	1100	78200	80700	77900	305008
010950	S-Oil	2023.03.29	79000	1100	78900	79200	78100	273626
010950	S-Oil	2023.03.28	77900	1600	77700	79000	77100	280042
010950	S-Oil	2023.03.27	76300	100	76500	77000	75200	249844
010950	S-Oil	2023.03.24	76200	300	76400	76800	75900	183913
010950	S-Oil	2023.03.23	76500	0	76400	77000	75800	263435
010950	S-Oil	2023.03.22	76500	400	76700	77500	76400	256519
010950	S-Oil	2023.03.21	76100	500	77000	77400	76000	267362
010950	S-Oil	2023.03.20	76600	200	76500	77200	75600	215368
010950	S-Oil	2023.03.17	76400	200	76400	77200	76100	301482
010950	S-Oil	2023.03.16	76200	3300	78700	78800	75800	622239
010950	S-Oil	2023.03.15	79500	300	80200	80600	79000	198571
010950	S-Oil	2023.03.14	79200	2200	80700	80800	78700	358200
010950	S-Oil	2023.03.13	81400	100	81000	81800	80200	176149
010950	S-Oil	2023.03.10	81300	300	81000	81700	80000	193699
010950	S-Oil	2023.03.09	81000	100	81800	82300	81000	299006
010950	S-Oil	2023.03.08	81100	2900	82200	83000	81000	357062
010950	S-Oil	2023.03.07	84000	800	83600	84900	83200	297603
010950	S-Oil	2023.03.06	83200	900	83000	83600	82100	267302
010950	S-Oil	2023.03.03	82300	1000	83100	83300	81500	222438
009150	삼성전기	2023.03.30	153400	1100	155200	156800	153200	290498
009150	삼성전기	2023.03.29	154500	900	155400	155800	152800	221314
009150	삼성전기	2023.03.28	155400	500	155100	155900	153100	283010
009150	삼성전기	2023.03.27	154900	0	156500	156600	153700	375798
009150	삼성전기	2023.03.24	154900	3400	151900	155200	150000	641955
009150	삼성전기	2023.03.23	151500	900	149200	152700	149200	312439
009150	삼성전기	2023.03.22	150600	400	151100	151300	148900	277615
009150	삼성전기	2023.03.21	150200	100	151500	152100	149000	196332
009150	삼성전기	2023.03.20	150300	2700	152400	152800	150000	192686
009150	삼성전기	2023.03.17	153000	2500	151000	154500	151000	460129
009150	삼성전기	2023.03.16	150500	800	148200	151400	147600	247046
009150	삼성전기	2023.03.15	149700	200	151000	151100	148400	328422
009150	삼성전기	2023.03.14	149900	3000	151100	153200	149900	426653
009150	삼성전기	2023.03.13	152900	4400	147500	152900	147200	440818
009150	삼성전기	2023.03.10	148500	4200	149500	150700	146500	489215
009150	삼성전기	2023.03.09	152700	700	154000	155300	151300	451139
009150	삼성전기	2023.03.08	152000	600	149200	152500	149100	302634
009150	삼성전기	2023.03.07	151400	1500	152300	152700	149600	322609
009150	삼성전기	2023.03.06	152900	6000	147500	153000	145900	646136
009150	삼성전기	2023.03.03	146900	2400	145100	147200	144500	233075
000720	현대건설	2023.03.30	36750	900	36100	36900	35350	799602
000720	현대건설	2023.03.29	35850	50	35800	36550	35600	435190
000720	현대건설	2023.03.28	35900	300	35550	36050	35450	339538
000720	현대건설	2023.03.27	35600	200	35900	36300	35300	423217
000720	현대건설	2023.03.24	35800	50	35850	36000	35500	342863
000720	현대건설	2023.03.23	35850	700	36300	36550	35700	490693
000720	현대건설	2023.03.22	36550	150	36850	37100	36400	355266
000720	현대건설	2023.03.21	36400	650	37200	37400	36400	395058
000720	현대건설	2023.03.20	37050	850	36450	37900	36400	595171
000720	현대건설	2023.03.17	36200	550	37300	37350	36200	638840
000720	현대건설	2023.03.16	36750	350	36750	37450	36450	714239
000720	현대건설	2023.03.15	37100	1600	36000	37650	35900	941412
000720	현대건설	2023.03.14	35500	700	36000	36300	35050	573108
000720	현대건설	2023.03.13	36200	150	36300	36500	35300	401066
000720	현대건설	2023.03.10	36350	0	36050	37000	35800	485675
000720	현대건설	2023.03.09	36350	600	36000	37050	35900	641250
000720	현대건설	2023.03.08	35750	800	36150	36300	35400	545699
000720	현대건설	2023.03.07	36550	0	36500	37050	36300	376040
000720	현대건설	2023.03.06	36550	250	37050	37150	36300	372636
000720	현대건설	2023.03.03	36800	50	37100	37150	36350	351956
066570	LG전자	2023.03.30	113500	200	114500	115600	113200	482322
066570	LG전자	2023.03.29	113700	1900	112900	114500	112700	554609
066570	LG전자	2023.03.28	111800	1700	113000	113100	109000	1263322
066570	LG전자	2023.03.27	113500	500	113000	114500	111000	778173
066570	LG전자	2023.03.24	113000	1200	111900	113500	111000	893158
066570	LG전자	2023.03.23	111800	2400	113700	114700	110300	1324425
066570	LG전자	2023.03.22	114200	900	115500	116500	113600	756170
066570	LG전자	2023.03.21	113300	600	114500	114700	112400	712657
066570	LG전자	2023.03.20	113900	4000	118200	118500	112900	965943
066570	LG전자	2023.03.17	117900	400	119000	119500	116900	918172
066570	LG전자	2023.03.16	117500	100	116000	119200	115800	916862
066570	LG전자	2023.03.15	117400	5600	114600	117800	113200	1133693
066570	LG전자	2023.03.14	111800	5700	116700	117300	111200	1114429
066570	LG전자	2023.03.13	117500	1800	116000	118500	113600	851620
066570	LG전자	2023.03.10	115700	1300	115400	118300	114600	858971
066570	LG전자	2023.03.09	117000	500	119600	121400	116700	1144788
066570	LG전자	2023.03.08	117500	3100	116200	120600	116200	1731900
066570	LG전자	2023.03.07	114400	100	114400	115400	112200	748490
066570	LG전자	2023.03.06	114500	3700	112000	115500	111100	964347
066570	LG전자	2023.03.03	110800	600	112500	113400	109500	475873
090430	아모레퍼시픽	2023.03.30	135700	200	135800	136200	132200	225230
090430	아모레퍼시픽	2023.03.29	135900	3600	132400	138000	132400	355135
090430	아모레퍼시픽	2023.03.28	132300	1800	130800	133200	129600	187357
090430	아모레퍼시픽	2023.03.27	130500	2000	130000	131300	127400	171167
090430	아모레퍼시픽	2023.03.24	128500	1500	129000	129500	127300	154156
090430	아모레퍼시픽	2023.03.23	130000	3000	126500	130300	125200	201940
090430	아모레퍼시픽	2023.03.22	127000	4000	132100	132300	126600	306293
090430	아모레퍼시픽	2023.03.21	131000	3200	129100	131400	127500	163433
090430	아모레퍼시픽	2023.03.20	127800	1400	126300	133700	126300	282927
090430	아모레퍼시픽	2023.03.17	126400	2200	125900	127400	123700	185513
090430	아모레퍼시픽	2023.03.16	124200	2000	125100	126500	122200	233350
090430	아모레퍼시픽	2023.03.15	126200	1000	129200	130400	125100	258619
090430	아모레퍼시픽	2023.03.14	127200	3600	130100	130200	126400	246651
090430	아모레퍼시픽	2023.03.13	130800	3400	127400	131200	126000	258299
090430	아모레퍼시픽	2023.03.10	127400	6300	131200	132000	125000	569458
090430	아모레퍼시픽	2023.03.09	133700	2000	135800	138300	133100	408710
090430	아모레퍼시픽	2023.03.08	135700	5800	139600	141300	135300	431449
090430	아모레퍼시픽	2023.03.07	141500	2500	144000	144300	140400	277639
090430	아모레퍼시픽	2023.03.06	144000	1700	147100	147200	142800	176960
090430	아모레퍼시픽	2023.03.03	145700	1100	144600	146200	144100	151911
018260	삼성SDS	2023.03.30	117600	3700	121600	121700	117400	175557
018260	삼성SDS	2023.03.29	121300	1900	119700	121900	119600	95161
018260	삼성SDS	2023.03.28	119400	500	119000	119800	118300	73507
018260	삼성SDS	2023.03.27	118900	1000	120000	120000	118000	78536
018260	삼성SDS	2023.03.24	119900	400	119400	120700	118600	76803
018260	삼성SDS	2023.03.23	119500	500	120000	120000	118600	81315
018260	삼성SDS	2023.03.22	120000	300	120200	120300	119100	55483
018260	삼성SDS	2023.03.21	119700	800	119300	120200	118900	52110
018260	삼성SDS	2023.03.20	118900	300	118900	120700	118900	49480
018260	삼성SDS	2023.03.17	119200	1900	118200	119800	117300	123197
018260	삼성SDS	2023.03.16	117300	400	117000	118200	116100	78697
018260	삼성SDS	2023.03.15	117700	700	118000	119100	117200	80453
018260	삼성SDS	2023.03.14	117000	3100	119000	119400	116600	119934
018260	삼성SDS	2023.03.13	120100	300	119500	120500	118600	107410
018260	삼성SDS	2023.03.10	119800	1100	120100	120500	119000	74617
018260	삼성SDS	2023.03.09	120900	800	122000	122500	120600	151187
018260	삼성SDS	2023.03.08	121700	1700	122800	123000	121100	122909
018260	삼성SDS	2023.03.07	123400	2000	125300	125300	123300	75703
018260	삼성SDS	2023.03.06	125400	1800	124500	125400	123800	103302
018260	삼성SDS	2023.03.03	123600	1000	124600	125400	122800	94567
033780	KT&G	2023.03.30	84000	2000	85000	85800	83800	491659
033780	KT&G	2023.03.29	86000	600	85500	86300	84700	559771
033780	KT&G	2023.03.28	85400	2100	87300	88700	83400	586707
033780	KT&G	2023.03.27	87500	0	88200	88200	86900	199130
033780	KT&G	2023.03.24	87500	900	87300	88000	86500	310876
033780	KT&G	2023.03.23	88400	600	89500	89500	87900	270000
033780	KT&G	2023.03.22	89000	900	90100	90500	88800	172111
033780	KT&G	2023.03.21	89900	700	90600	91100	89700	229388
033780	KT&G	2023.03.20	90600	1200	91900	92000	90400	221188
033780	KT&G	2023.03.17	91800	4600	87700	92800	87700	969249
033780	KT&G	2023.03.16	87200	300	85900	87400	85800	244341
033780	KT&G	2023.03.15	86900	1800	84600	87700	84600	254200
033780	KT&G	2023.03.14	85100	300	84600	85600	84200	359518
033780	KT&G	2023.03.13	85400	300	85800	86000	84200	296157
033780	KT&G	2023.03.10	85100	800	85500	86000	85000	334180
033780	KT&G	2023.03.09	85900	100	86400	86800	85600	570538
033780	KT&G	2023.03.08	86000	1000	86200	86700	85300	333828
033780	KT&G	2023.03.07	87000	0	86900	87800	86700	312214
033780	KT&G	2023.03.06	87000	200	87400	87900	87000	307631
033780	KT&G	2023.03.03	87200	400	88000	88100	87000	239073
034730	SK	2023.03.30	173600	7900	167000	174800	165800	304285
034730	SK	2023.03.29	165700	400	166200	167300	164300	144667
034730	SK	2023.03.28	166100	1200	165500	166800	164200	124846
034730	SK	2023.03.27	164900	300	166000	166100	163600	127082
034730	SK	2023.03.24	165200	1900	162900	165800	162500	119190
034730	SK	2023.03.23	163300	2000	163500	165600	162400	196569
034730	SK	2023.03.22	165300	1900	168500	168900	164300	173965
034730	SK	2023.03.21	167200	4300	163400	170100	163400	173052
034730	SK	2023.03.20	162900	2100	164900	165700	162600	135172
034730	SK	2023.03.17	165000	2100	164500	167700	163100	195238
034730	SK	2023.03.16	162900	3100	165100	165100	162300	200404
034730	SK	2023.03.15	166000	1600	169500	169800	165700	221437
034730	SK	2023.03.14	167600	5100	170900	171500	167500	202252
034730	SK	2023.03.13	172700	400	172200	173200	170200	121326
034730	SK	2023.03.10	172300	2000	173000	173000	170800	219685
034730	SK	2023.03.09	174300	3600	178200	178700	174100	260053
034730	SK	2023.03.08	177900	3100	178000	178800	177300	214835
034730	SK	2023.03.07	181000	3400	183800	184400	181000	182240
034730	SK	2023.03.06	184400	2600	183300	184600	182100	129870
034730	SK	2023.03.03	181800	300	181200	183300	181200	126352
000810	삼성화재	2023.03.30	207000	500	206000	208000	205000	56228
000810	삼성화재	2023.03.29	207500	5000	203000	208000	203000	63322
000810	삼성화재	2023.03.28	202500	2000	201500	203000	200500	41441
000810	삼성화재	2023.03.27	200500	2000	203000	203000	199800	55599
000810	삼성화재	2023.03.24	202500	5500	205500	206500	201000	78816
000810	삼성화재	2023.03.23	208000	1000	209000	210000	205500	79255
000810	삼성화재	2023.03.22	209000	1500	209000	210500	207500	63048
000810	삼성화재	2023.03.21	207500	1000	209500	212500	207500	86991
000810	삼성화재	2023.03.20	208500	7000	214500	215500	207500	88379
000810	삼성화재	2023.03.17	215500	3000	214500	216000	213000	98668
000810	삼성화재	2023.03.16	212500	3500	214500	215500	211000	72982
000810	삼성화재	2023.03.15	216000	500	215000	217000	214000	84342
000810	삼성화재	2023.03.14	215500	2500	215500	217500	213000	132218
000810	삼성화재	2023.03.13	218000	4000	215500	218000	213500	102903
000810	삼성화재	2023.03.10	214000	1000	212500	216000	211500	83293
000810	삼성화재	2023.03.09	213000	3500	210500	215500	209000	146524
000810	삼성화재	2023.03.08	209500	5000	213000	213500	207000	93360
000810	삼성화재	2023.03.07	214500	1000	215500	216500	213500	55112
000810	삼성화재	2023.03.06	215500	4500	212500	217000	212000	66702
000810	삼성화재	2023.03.03	211000	7000	217500	218000	210500	81281
012330	현대모비스	2023.03.30	214000	1500	213500	215000	211000	174396
012330	현대모비스	2023.03.29	215500	2000	214000	215500	213000	137789
012330	현대모비스	2023.03.28	213500	2000	212000	214000	211000	111625
012330	현대모비스	2023.03.27	211500	1000	212000	213500	210500	160040
012330	현대모비스	2023.03.24	210500	7000	216000	216000	210000	231455
012330	현대모비스	2023.03.23	217500	1500	215000	219500	214500	215428
012330	현대모비스	2023.03.22	216000	1000	216000	216500	214000	105777
012330	현대모비스	2023.03.21	215000	2500	214000	216500	213000	122138
012330	현대모비스	2023.03.20	212500	5000	217500	217500	212500	134586
012330	현대모비스	2023.03.17	217500	3000	216000	219000	215000	169457
012330	현대모비스	2023.03.16	214500	4500	217000	218500	214000	133922
012330	현대모비스	2023.03.15	219000	5500	215500	220500	214000	166384
012330	현대모비스	2023.03.14	213500	5000	216500	217500	211500	173600
012330	현대모비스	2023.03.13	218500	2000	217000	219500	215500	152414
012330	현대모비스	2023.03.10	216500	3500	217000	218500	215000	140681
012330	현대모비스	2023.03.09	220000	4500	216000	222000	215000	343810
012330	현대모비스	2023.03.08	215500	2500	216000	217000	214000	159118
012330	현대모비스	2023.03.07	218000	1000	219500	220000	217000	157129
012330	현대모비스	2023.03.06	219000	2500	218000	220000	216500	189047
012330	현대모비스	2023.03.03	216500	500	218500	219500	216000	132114
105560	KB금융	2023.03.30	47300	750	47800	47900	47050	1316532
105560	KB금융	2023.03.29	48050	150	47600	48200	47600	1092869
105560	KB금융	2023.03.28	47900	1200	47500	48450	47450	1680191
105560	KB금융	2023.03.27	46700	350	46650	47000	46350	1477169
105560	KB금융	2023.03.24	47050	1900	48550	48750	47000	2207548
105560	KB금융	2023.03.23	48950	200	48800	49250	48650	911009
105560	KB금융	2023.03.22	49150	700	49400	49650	48900	871351
105560	KB금융	2023.03.21	48450	50	48500	48850	48150	922158
105560	KB금융	2023.03.20	48400	50	48350	49250	47800	998405
105560	KB금융	2023.03.17	48450	400	48600	49800	48150	1765098
105560	KB금융	2023.03.16	48050	950	48150	48900	47950	1452245
105560	KB금융	2023.03.15	49000	600	48650	49950	48650	1195377
105560	KB금융	2023.03.14	48400	1900	49100	49450	48300	1941848
105560	KB금융	2023.03.13	50300	600	49600	50600	49050	1003507
105560	KB금융	2023.03.10	49700	1000	49900	50200	49350	1165480
105560	KB금융	2023.03.09	50700	100	50400	51500	50100	1545967
105560	KB금융	2023.03.08	50600	200	50200	51200	50100	1294264
105560	KB금융	2023.03.07	50800	600	50000	51500	50000	1266350
105560	KB금융	2023.03.06	50200	200	50600	50600	49800	1162559
105560	KB금융	2023.03.03	50000	600	50700	51000	49800	1077928
086790	하나금융지주	2023.03.30	40300	150	40750	40800	40000	1036140
086790	하나금융지주	2023.03.29	40450	300	40250	41200	40200	1499233
086790	하나금융지주	2023.03.28	40750	650	40700	41200	40450	1330263
086790	하나금융지주	2023.03.27	40100	250	40400	40600	39800	1006600
086790	하나금융지주	2023.03.24	40350	1600	41250	41550	40300	1765067
086790	하나금융지주	2023.03.23	41950	400	41150	41950	40950	923510
086790	하나금융지주	2023.03.22	41550	500	42600	42600	41450	1144378
086790	하나금융지주	2023.03.21	42050	750	41400	42700	41400	781382
086790	하나금융지주	2023.03.20	41300	0	41250	42200	40700	719744
086790	하나금융지주	2023.03.17	41300	650	41200	42100	40750	1695913
086790	하나금융지주	2023.03.16	40650	1350	40550	41150	40400	1414819
086790	하나금융지주	2023.03.15	42000	950	41750	42650	41400	1173759
086790	하나금융지주	2023.03.14	41050	1650	41550	41600	40700	1496752
086790	하나금융지주	2023.03.13	42700	450	42000	42850	41550	824463
086790	하나금융지주	2023.03.10	42250	550	42200	42800	41750	1491859
086790	하나금융지주	2023.03.09	42800	700	43500	43650	42800	1909133
086790	하나금융지주	2023.03.08	43500	300	43250	43850	43050	1152865
086790	하나금융지주	2023.03.07	43800	350	43300	43950	42550	2025850
086790	하나금융지주	2023.03.06	43450	550	43650	44000	43050	1624588
086790	하나금융지주	2023.03.03	44000	700	45000	45250	43950	941138
000270	기아	2023.03.30	79500	0	78600	79900	78200	883673
000270	기아	2023.03.29	79500	2600	77600	79500	77500	1500632
000270	기아	2023.03.28	76900	900	76500	76900	76200	792849
000270	기아	2023.03.27	76000	1600	77000	77000	75100	1635935
000270	기아	2023.03.24	77600	800	77900	78400	76200	1261980
000270	기아	2023.03.23	78400	500	77700	78600	77400	1361870
000270	기아	2023.03.22	78900	1200	78700	79100	77900	967219
000270	기아	2023.03.21	77700	300	78700	79300	77400	969220
000270	기아	2023.03.20	78000	2200	80000	80000	77900	997524
000270	기아	2023.03.17	80200	1100	79700	80400	78600	1454231
000270	기아	2023.03.16	79100	500	78500	79900	77900	1099113
000270	기아	2023.03.15	79600	3300	77600	80000	77500	1755601
000270	기아	2023.03.14	76300	2500	78500	78900	76300	1366264
000270	기아	2023.03.13	78800	800	77700	79200	77400	1422962
000270	기아	2023.03.10	78000	100	77300	78500	77300	851372
000270	기아	2023.03.09	78100	800	78900	79700	78100	1315822
000270	기아	2023.03.08	78900	1300	76800	79200	76700	1306974
000270	기아	2023.03.07	77600	900	78500	79000	77600	992331
000270	기아	2023.03.06	78500	300	78800	79300	77500	1204893
000270	기아	2023.03.03	78200	400	78400	79100	77400	1149778
015760	한국전력	2023.03.30	18880	210	18720	18900	18550	1366297
015760	한국전력	2023.03.29	18670	270	18410	18860	18410	2242697
015760	한국전력	2023.03.28	18400	20	18380	18500	18200	1167329
015760	한국전력	2023.03.27	18380	440	18000	18450	17740	1643311
015760	한국전력	2023.03.24	17940	20	17820	18140	17770	1059635
015760	한국전력	2023.03.23	17920	160	17760	18090	17680	952416
015760	한국전력	2023.03.22	17760	70	17870	17930	17730	870686
015760	한국전력	2023.03.21	17830	480	18280	18280	17810	1304030
015760	한국전력	2023.03.20	18310	360	18010	18550	18000	1644378
015760	한국전력	2023.03.17	17950	650	17320	18090	17310	1981922
015760	한국전력	2023.03.16	17300	30	17200	17360	17170	884355
015760	한국전력	2023.03.15	17330	100	17230	17520	17230	1049405
015760	한국전력	2023.03.14	17230	280	17500	17580	17140	1214928
015760	한국전력	2023.03.13	17510	120	17490	17600	17390	846690
015760	한국전력	2023.03.10	17630	40	17510	17680	17360	924406
015760	한국전력	2023.03.09	17590	120	17750	17820	17580	1590751
015760	한국전력	2023.03.08	17710	190	17820	17860	17660	1328446
015760	한국전력	2023.03.07	17900	120	18010	18120	17890	1072578
015760	한국전력	2023.03.06	18020	150	17870	18150	17810	1146143
015760	한국전력	2023.03.03	17870	60	17940	18010	17870	896894
003550	LG	2023.03.30	82400	1100	83300	83800	82200	188053
003550	LG	2023.03.29	83500	300	83700	84400	82700	193279
003550	LG	2023.03.28	83200	200	82500	83900	82500	163432
003550	LG	2023.03.27	83000	0	83500	83800	82000	179839
003550	LG	2023.03.24	83000	800	82500	83700	82400	203166
003550	LG	2023.03.23	83800	0	83400	84200	82000	343308
003550	LG	2023.03.22	83800	1900	85600	85700	83000	493323
003550	LG	2023.03.21	85700	1300	87000	88000	85000	360866
003550	LG	2023.03.20	87000	3500	90000	90100	86200	341713
003550	LG	2023.03.17	90500	400	91700	91800	89400	647892
003550	LG	2023.03.16	90900	2300	87600	91900	87300	803531
003550	LG	2023.03.15	88600	3300	85400	88800	84400	554268
003550	LG	2023.03.14	85300	3000	86200	88100	84800	605237
003550	LG	2023.03.13	88300	2400	88200	92600	85800	1294831
003550	LG	2023.03.10	85900	5300	80000	89000	79500	1407001
003550	LG	2023.03.09	80600	1800	82400	82800	80000	329197
003550	LG	2023.03.08	82400	300	81000	82700	80500	263821
003550	LG	2023.03.07	82100	1300	83200	84100	81900	139962
003550	LG	2023.03.06	83400	300	84100	84200	82900	195499
003550	LG	2023.03.03	83100	100	82600	83600	82200	162252
096770	SK이노베이션	2023.03.30	188600	24100	166600	194900	163100	5655623
096770	SK이노베이션	2023.03.29	164500	1300	164000	166600	162200	488453
096770	SK이노베이션	2023.03.28	163200	3600	168000	168500	161600	742201
096770	SK이노베이션	2023.03.27	166800	7200	161700	169400	160800	1085479
096770	SK이노베이션	2023.03.24	159600	400	160900	162200	156800	535378
096770	SK이노베이션	2023.03.23	159200	1600	158900	161100	157700	597149
096770	SK이노베이션	2023.03.22	160800	4100	159100	161700	156300	700540
096770	SK이노베이션	2023.03.21	156700	1700	158400	159500	155500	543046
096770	SK이노베이션	2023.03.20	158400	3800	162100	162400	157300	594320
096770	SK이노베이션	2023.03.17	162200	1300	164800	165100	160800	563721
096770	SK이노베이션	2023.03.16	163500	1700	162800	166100	160500	592692
096770	SK이노베이션	2023.03.15	165200	4800	173000	173000	164000	842303
096770	SK이노베이션	2023.03.14	170000	6100	174400	174600	168900	560144
096770	SK이노베이션	2023.03.13	176100	2600	171800	176500	168600	736068
096770	SK이노베이션	2023.03.10	173500	8600	163300	174400	162000	1198270
096770	SK이노베이션	2023.03.09	164900	6000	171900	172000	163200	1251251
096770	SK이노베이션	2023.03.08	170900	5900	174000	174100	168500	785172
096770	SK이노베이션	2023.03.07	176800	8800	169800	179900	169200	1677367
096770	SK이노베이션	2023.03.06	168000	7200	162900	169000	159300	1168104
096770		2023.03.03	160800	300	162200	164100	158700	632565
051900	LG생활건강	2023.03.30	594000	1000	594000	596000	587000	26177
051900	LG생활건강	2023.03.29	595000	7000	589000	598000	588000	59230
051900	LG생활건강	2023.03.28	588000	7000	588000	593000	576000	60010
051900	LG생활건강	2023.03.27	581000	0	583000	589000	577000	61527
051900	LG생활건강	2023.03.24	581000	3000	578000	586000	572000	42607
051900	LG생활건강	2023.03.23	584000	8000	571000	587000	567000	50359
051900	LG생활건강	2023.03.22	576000	16000	597000	600000	573000	76650
051900	LG생활건강	2023.03.21	592000	20000	580000	594000	575000	57583
051900	LG생활건강	2023.03.20	572000	5000	571000	595000	567000	87987
051900	LG생활건강	2023.03.17	567000	8000	570000	581000	566000	118742
051900	LG생활건강	2023.03.16	559000	31000	581000	585000	555000	188736
051900	LG생활건강	2023.03.15	590000	0	599000	601000	588000	44119
051900	LG생활건강	2023.03.14	590000	17000	600000	609000	590000	59569
051900	LG생활건강	2023.03.13	607000	4000	602000	612000	598000	55433
051900	LG생활건강	2023.03.10	603000	15000	613000	615000	600000	82310
051900	LG생활건강	2023.03.09	618000	23000	642000	646000	618000	100971
051900	LG생활건강	2023.03.08	641000	31000	665000	668000	641000	91100
051900	LG생활건강	2023.03.07	672000	1000	675000	675000	662000	66590
051900	LG생활건강	2023.03.06	671000	5000	685000	694000	670000	73824
051900	LG생활건강	2023.03.03	676000	2000	681000	692000	671000	75159
017670	SK텔레콤	2023.03.30	47700	1150	48200	48250	47500	714534
017670	SK텔레콤	2023.03.29	48850	350	48500	48950	48400	811807
017670	SK텔레콤	2023.03.28	48500	100	48250	48600	48000	533028
017670	SK텔레콤	2023.03.27	48400	50	48750	48750	47900	529653
017670	SK텔레콤	2023.03.24	48350	550	47850	48500	47850	728029
017670	SK텔레콤	2023.03.23	47800	800	48500	48550	47500	1012990
017670	SK텔레콤	2023.03.22	48600	200	48500	48800	48350	504173
017670	SK텔레콤	2023.03.21	48800	1150	47800	48800	47800	1063480
017670	SK텔레콤	2023.03.20	47650	800	46900	47850	46900	580464
017670	SK텔레콤	2023.03.17	46850	350	47400	47450	46850	967455
017670	SK텔레콤	2023.03.16	47200	400	47000	47200	46800	519098
017670	SK텔레콤	2023.03.15	47600	650	46950	47600	46650	487556
017670	SK텔레콤	2023.03.14	46950	450	46150	47250	46100	847383
017670	SK텔레콤	2023.03.13	46500	100	46500	46900	45850	410447
017670	SK텔레콤	2023.03.10	46600	900	46900	47150	46400	487796
017670	SK텔레콤	2023.03.09	47500	800	46800	47600	46250	1082047
017670	SK텔레콤	2023.03.08	46700	750	47150	47300	46600	918053
017670	SK텔레콤	2023.03.07	47450	1200	46250	47550	46250	1306401
017670	SK텔레콤	2023.03.06	46250	650	45550	46450	45400	704072
017670	SK텔레콤	2023.03.03	45600	550	45100	45600	45100	547096
035250	강원랜드	2023.03.30	19780	50	19860	19890	19600	518471
035250	강원랜드	2023.03.29	19830	370	19450	19890	19390	731382
035250	강원랜드	2023.03.28	19460	50	19420	19650	19350	438279
035250	강원랜드	2023.03.27	19410	60	19400	19490	19100	456427
035250	강원랜드	2023.03.24	19350	130	19420	19450	19190	577016
035250	강원랜드	2023.03.23	19480	60	19250	19790	19220	1006846
035250	강원랜드	2023.03.22	19420	500	20150	20150	19380	1330966
035250	강원랜드	2023.03.21	19920	750	19480	20000	19390	1553239
035250	강원랜드	2023.03.20	19170	250	18960	19450	18960	862803
035250	강원랜드	2023.03.17	18920	780	18480	19140	18370	1579813
035250	강원랜드	2023.03.16	18140	10	18030	18140	17830	770356
035250	강원랜드	2023.03.15	18130	90	18250	18360	18060	844859
035250	강원랜드	2023.03.14	18040	400	18260	18400	18030	1984187
035250	강원랜드	2023.03.13	18440	370	18760	18830	18320	1297866
035250	강원랜드	2023.03.10	18810	380	19190	19190	18770	857214
035250	강원랜드	2023.03.09	19190	110	19130	19340	19080	1515404
035250	강원랜드	2023.03.08	19080	130	19060	19360	18730	1491907
035250	강원랜드	2023.03.07	19210	390	19510	19570	19200	1801202
035250	강원랜드	2023.03.06	19600	150	19800	19850	19560	1311405
035250	강원랜드	2023.03.03	19750	40	19810	20100	19600	1469237
006400	삼성SDI	2023.03.30	724000	11000	736000	736000	721000	175706
006400	삼성SDI	2023.03.29	735000	13000	716000	735000	716000	266278
006400	삼성SDI	2023.03.28	722000	1000	720000	725000	710000	171326
006400	삼성SDI	2023.03.27	723000	4000	726000	738000	721000	253432
006400	삼성SDI	2023.03.24	719000	27000	741000	741000	712000	266419
006400	삼성SDI	2023.03.23	746000	14000	721000	751000	721000	294624
006400	삼성SDI	2023.03.22	732000	15000	725000	735000	720000	241511
006400	삼성SDI	2023.03.21	717000	2000	725000	732000	708000	217229
006400	삼성SDI	2023.03.20	715000	6000	709000	724000	707000	178753
006400	삼성SDI	2023.03.17	721000	18000	745000	747000	705000	344508
006400	삼성SDI	2023.03.16	739000	5000	724000	739000	716000	214875
006400	삼성SDI	2023.03.15	734000	9000	728000	748000	726000	237535
006400	삼성SDI	2023.03.14	725000	13000	728000	733000	711000	291764
006400	삼성SDI	2023.03.13	738000	1000	738000	745000	722000	212946
006400	삼성SDI	2023.03.10	737000	5000	722000	741000	721000	233482
006400	삼성SDI	2023.03.09	732000	22000	756000	757000	730000	406161
006400	삼성SDI	2023.03.08	754000	39000	786000	786000	754000	467520
006400	삼성SDI	2023.03.07	793000	12000	779000	801000	768000	599331
006400	삼성SDI	2023.03.06	781000	50000	748000	781000	743000	754225
006400	삼성SDI	2023.03.03	731000	21000	711000	740000	705000	327824
035420	NAVER	2023.03.30	199800	700	200500	201000	198100	542443
035420	NAVER	2023.03.29	199100	400	198000	201000	198000	442034
035420	NAVER	2023.03.28	199500	200	199600	201000	197800	586388
035420	NAVER	2023.03.27	199300	3200	201500	202000	198200	611569
035420	NAVER	2023.03.24	202500	1500	204500	204500	200500	599102
035420	NAVER	2023.03.23	204000	3000	204000	205000	202000	607503
035420	NAVER	2023.03.22	207000	6500	203500	207500	203000	655503
035420	NAVER	2023.03.21	200500	1000	202500	203500	200000	403322
035420	NAVER	2023.03.20	201500	3500	198000	204000	198000	602589
035420	NAVER	2023.03.17	198000	900	201000	202000	197200	778496
035420	NAVER	2023.03.16	197100	700	193600	198400	192100	708127
035420	NAVER	2023.03.15	196400	400	200000	201000	194500	838555
035420	NAVER	2023.03.14	196000	6500	200000	202000	196000	776395
035420	NAVER	2023.03.13	202500	2700	199800	203000	194600	1035513
035420	NAVER	2023.03.10	199800	2200	198000	201000	197800	854741
035420	NAVER	2023.03.09	202000	500	204500	206000	202000	760330
035420	NAVER	2023.03.08	202500	8500	208500	209000	202000	1027023
035420	NAVER	2023.03.07	211000	3500	214000	214500	210500	640146
035420	NAVER	2023.03.06	214500	9000	208500	214500	208500	1052243
035420	NAVER	2023.03.03	205500	500	207500	210500	205500	729689
005380	현대차	2023.03.30	181900	1500	179200	181900	178800	451705
005380	현대차	2023.03.29	180400	3300	175800	180700	175800	571771
005380	현대차	2023.03.28	177100	1000	177100	178300	175800	341408
005380	현대차	2023.03.27	176100	1600	177700	177700	174800	402749
005380	현대차	2023.03.24	177700	2800	180600	180600	175300	649952
005380	현대차	2023.03.23	180500	200	179300	182400	178700	591091
005380	현대차	2023.03.22	180300	4500	177000	180500	176700	718542
005380	현대차	2023.03.21	175800	700	175900	176900	174800	297779
005380	현대차	2023.03.20	175100	1500	176500	177000	174800	366357
005380	현대차	2023.03.17	176600	2600	175200	176600	173200	507745
005380	현대차	2023.03.16	174000	300	172800	174800	171800	392030
005380	현대차	2023.03.15	174300	3300	172700	175500	172700	481716
005380	현대차	2023.03.14	171000	5000	175200	175900	170500	589581
005380	현대차	2023.03.13	176000	1000	174400	176300	173500	529759
005380	현대차	2023.03.10	175000	1300	174700	176700	174600	443221
005380	현대차	2023.03.09	176300	1400	176600	180400	175700	808110
005380	현대차	2023.03.08	174900	200	174300	176100	174100	497195
005380	현대차	2023.03.07	175100	2400	176500	177500	175100	462996
005380	현대차	2023.03.06	177500	1400	177800	178500	176000	547005
005380	현대차	2023.03.03	176100	2400	177500	178200	175000	549203
005935	삼성전자우	2023.03.30	53300	0	54000	54100	53200	957215
005935	삼성전자우	2023.03.29	53300	300	52800	53300	52600	992377
005935	삼성전자우	2023.03.28	53000	600	52200	53000	52200	1232098
005935	삼성전자우	2023.03.27	52400	400	52700	52800	52000	1362392
005935	삼성전자우	2023.03.24	52800	100	52500	53000	52400	2624397
005935	삼성전자우	2023.03.23	52700	100	52100	52700	52000	2262144
005935	삼성전자우	2023.03.22	52600	300	52600	52700	52100	1680675
005935	삼성전자우	2023.03.21	52300	200	52700	53000	52200	1142603
005935	삼성전자우	2023.03.20	52500	1100	53200	53300	52500	968054
005935	삼성전자우	2023.03.17	53600	1600	52600	53600	52400	2615426
005935	삼성전자우	2023.03.16	52000	300	51800	52400	51500	1113544
005935	삼성전자우	2023.03.15	52300	300	52700	52800	52300	1083047
005935	삼성전자우	2023.03.14	52000	1100	52300	52900	52000	1039080
005935	삼성전자우	2023.03.13	53100	100	52800	53500	52600	943870
005935	삼성전자우	2023.03.10	53200	300	52800	53300	52500	792588
005935	삼성전자우	2023.03.09	53500	600	54100	54100	53500	1007010
005935	삼성전자우	2023.03.08	54100	0	53600	54100	53500	780715
005935	삼성전자우	2023.03.07	54100	600	54800	54900	54100	699742
005935	삼성전자우	2023.03.06	54700	1000	53900	54700	53500	1062801
005935	삼성전자우	2023.03.03	53700	200	54000	54100	53700	710412
068270	셀트리온	2023.03.30	149400	1100	150600	151200	148200	474107
068270	셀트리온	2023.03.29	150500	700	152200	153100	149500	522536
068270	셀트리온	2023.03.28	151200	7400	159100	159800	150400	901079
068270	셀트리온	2023.03.27	158600	5000	153600	159400	151000	679992
068270	셀트리온	2023.03.24	153600	900	153500	156700	153100	367232
068270	셀트리온	2023.03.23	154500	1600	155900	156000	153500	395821
068270	셀트리온	2023.03.22	156100	100	156800	157200	155100	289918
068270	셀트리온	2023.03.21	156000	1900	158100	159400	155200	333364
068270	셀트리온	2023.03.20	157900	1400	156900	160500	156900	418037
068270	셀트리온	2023.03.17	156500	4900	152600	157100	151700	619666
068270	셀트리온	2023.03.16	151600	400	150000	152400	147500	340066
068270	셀트리온	2023.03.15	151200	300	152800	153500	150000	317958
068270	셀트리온	2023.03.14	150900	4500	153500	156200	150900	462108
068270	셀트리온	2023.03.13	155400	700	154200	156400	151300	414435
068270	셀트리온	2023.03.10	154700	2500	155000	156500	153200	459565
068270	셀트리온	2023.03.09	157200	2900	155800	158200	153800	765655
068270	셀트리온	2023.03.08	154300	1100	153800	158800	152000	903712
068270	셀트리온	2023.03.07	155400	3600	151900	158700	151200	1156965
068270	셀트리온	2023.03.06	151800	1200	152900	154000	149100	791350
068270		2023.03.03	150600	6900	144000	154600	144000	1467217
207940	삼성바이오로직스	2023.03.30	782000	9000	789000	789000	781000	51202
207940	삼성바이오로직스	2023.03.29	791000	6000	797000	801000	790000	60734
207940	삼성바이오로직스	2023.03.28	797000	0	800000	803000	792000	86680
207940	삼성바이오로직스	2023.03.27	797000	0	797000	800000	788000	47586
207940	삼성바이오로직스	2023.03.24	797000	1000	795000	805000	792000	28390
207940	삼성바이오로직스	2023.03.23	798000	12000	810000	810000	794000	41716
207940	삼성바이오로직스	2023.03.22	810000	1000	810000	815000	805000	29968
207940	삼성바이오로직스	2023.03.21	809000	3000	814000	817000	805000	25661
207940	삼성바이오로직스	2023.03.20	812000	4000	813000	822000	810000	54173
207940	삼성바이오로직스	2023.03.17	808000	18000	798000	809000	797000	90344
207940	삼성바이오로직스	2023.03.16	790000	12000	772000	796000	771000	60191
207940	삼성바이오로직스	2023.03.15	778000	6000	776000	781000	772000	36391
207940	삼성바이오로직스	2023.03.14	772000	6000	770000	785000	770000	69586
207940	삼성바이오로직스	2023.03.13	778000	2000	777000	779000	767000	46901
207940	삼성바이오로직스	2023.03.10	776000	5000	769000	778000	760000	63825
207940	삼성바이오로직스	2023.03.09	771000	6000	782000	782000	771000	61911
207940	삼성바이오로직스	2023.03.08	777000	17000	786000	787000	775000	70153
207940	삼성바이오로직스	2023.03.07	794000	7000	801000	804000	792000	50335
207940	삼성바이오로직스	2023.03.06	801000	13000	791000	804000	791000	73227
207940	삼성바이오로직스	2023.03.03	788000	16000	777000	791000	776000	56555
051910	LG화학	2023.03.30	700000	5000	708000	709000	692000	153302
051910	LG화학	2023.03.29	705000	1000	704000	708000	695000	146056
051910	LG화학	2023.03.28	704000	6000	701000	704000	687000	238741
051910	LG화학	2023.03.27	698000	8000	702000	712000	691000	175698
051910	LG화학	2023.03.24	690000	22000	711000	714000	683000	243174
051910	LG화학	2023.03.23	712000	9000	697000	717000	695000	202975
051910	LG화학	2023.03.22	703000	26000	687000	703000	687000	206510
051910	LG화학	2023.03.21	677000	6000	690000	693000	673000	220078
051910	LG화학	2023.03.20	683000	19000	694000	703000	681000	242829
051910	LG화학	2023.03.17	702000	28000	743000	745000	696000	495493
051910	LG화학	2023.03.16	730000	9000	716000	731000	707000	224294
051910	LG화학	2023.03.15	721000	16000	719000	727000	711000	153827
051910	LG화학	2023.03.14	705000	13000	708000	718000	695000	189009
051910	LG화학	2023.03.13	718000	11000	714000	727000	699000	291597
051910	LG화학	2023.03.10	707000	3000	694000	710000	690000	195645
051910	LG화학	2023.03.09	710000	5000	720000	725000	700000	222278
051910	LG화학	2023.03.08	715000	25000	727000	727000	711000	229545
051910	LG화학	2023.03.07	740000	14000	733000	757000	730000	372754
051910	LG화학	2023.03.06	726000	23000	722000	727000	711000	274209
051910	LG화학	2023.03.03	703000	25000	687000	707000	684000	236335
035720	카카오	2023.03.30	60300	100	60800	60900	59900	1447831
035720	카카오	2023.03.29	60400	300	60800	61400	60100	1144119
035720	카카오	2023.03.28	60700	0	60600	61000	59900	1326335
035720	카카오	2023.03.27	60700	700	61500	61800	59800	1490567
035720	카카오	2023.03.24	61400	200	61600	61900	60900	1323550
035720	카카오	2023.03.23	61600	1100	61800	62000	60800	1685484
035720	카카오	2023.03.22	62700	1800	61700	62900	61300	2243729
035720	카카오	2023.03.21	60900	100	61400	61700	60500	1093952
035720	카카오	2023.03.20	61000	800	60200	62000	60200	2051491
035720	카카오	2023.03.17	60200	300	60600	61200	59800	1658486
035720	카카오	2023.03.16	59900	600	58400	60300	58100	1976894
035720	카카오	2023.03.15	59300	100	60600	60800	58800	1885060
035720	카카오	2023.03.14	59400	1400	60600	61100	59200	2192551
035720	카카오	2023.03.13	60800	2700	60300	62400	58800	5720123
035720	카카오	2023.03.10	58100	900	57900	58400	57500	2009728
035720	카카오	2023.03.09	59000	100	59700	60600	58900	1949722
035720	카카오	2023.03.08	59100	2400	61200	61200	59000	2935338
035720	카카오	2023.03.07	61500	2100	63000	63100	61400	2322926
035720	카카오	2023.03.06	63600	2600	61200	63800	61100	2768767
035720	카카오	2023.03.03	61000	200	61600	62200	60900	1250945
000660	SK하이닉스	2023.03.30	89000	2100	89900	90500	87700	3812537
000660	SK하이닉스	2023.03.29	86900	1500	87400	88700	86500	3070422
000660	SK하이닉스	2023.03.28	88400	2900	85300	88700	85200	3180431
000660	SK하이닉스	2023.03.27	85500	1800	87500	87800	84700	3211190
000660	SK하이닉스	2023.03.24	87300	1200	89100	90700	86700	4670908
000660	SK하이닉스	2023.03.23	88500	1600	85400	88500	85100	3091673
000660	SK하이닉스	2023.03.22	86900	3300	85200	87300	83800	2667268
000660	SK하이닉스	2023.03.21	83600	100	84100	85100	82900	1880231
000660	SK하이닉스	2023.03.20	83700	300	83800	85100	83000	2223378
000660	SK하이닉스	2023.03.17	84000	5000	81200	84800	81100	6239588
000660	SK하이닉스	2023.03.16	79000	100	76700	80200	76700	4804196
000660	SK하이닉스	2023.03.15	79100	2000	81900	82300	78800	5357314
000660	SK하이닉스	2023.03.14	81100	3200	82600	83000	81100	3359381
000660	SK하이닉스	2023.03.13	84300	1000	83200	84700	82400	2860341
000660	SK하이닉스	2023.03.10	83300	2300	83800	84400	83100	3559824
000660	SK하이닉스	2023.03.09	85600	1200	87300	87800	85300	3315016
000660	SK하이닉스	2023.03.08	86800	2100	87700	87800	86400	2790989
000660	SK하이닉스	2023.03.07	88900	800	89700	90000	88800	1610948
000660	SK하이닉스	2023.03.06	89700	2400	87900	89800	87500	2374415
000660	SK하이닉스	2023.03.03	87300	800	88500	89200	87200	2239958
005930	삼성전자	2023.03.30	63300	600	63700	63700	63100	12403175
005930	삼성전자	2023.03.29	62700	200	62500	62700	62200	11216008
005930	삼성전자	2023.03.28	62900	800	62400	62900	62100	11614118
005930	삼성전자	2023.03.27	62100	900	62600	62800	62000	11039331
005930	삼성전자	2023.03.24	63000	700	62700	63300	62300	18278602
005930	삼성전자	2023.03.23	62300	1200	60600	62300	60600	15381057
005930	삼성전자	2023.03.22	61100	800	61000	61200	60500	8978591
005930	삼성전자	2023.03.21	60300	100	60500	60700	60100	8318514
005930	삼성전자	2023.03.20	60200	1100	61100	61200	60200	9618009
005930	삼성전자	2023.03.17	61300	1400	60800	61300	60600	14090110
005930	삼성전자	2023.03.16	59900	100	59200	60200	59100	10611939
005930	삼성전자	2023.03.15	59800	800	60000	60300	59600	10482149
005930	삼성전자	2023.03.14	59000	1000	59400	59500	59000	12147346
005930	삼성전자	2023.03.13	60000	500	59900	60200	59300	12779724
005930	삼성전자	2023.03.10	59500	600	59500	59700	59100	11902471
005930	삼성전자	2023.03.09	60100	200	60500	60800	59900	14334499
005930	삼성전자	2023.03.08	60300	400	60100	60500	59900	14161857
005930	삼성전자	2023.03.07	60700	800	61400	61400	60700	11473280
005930	삼성전자	2023.03.06	61500	1000	61100	61600	60800	13630602
005930	삼성전자	2023.03.03	60500	300	61000	61200	60500	10711405
